----------------------------------------------------
Encryption
----------------------------------------------------
000000000000000 0011000100110 00000110001001100010011000000110000001100000011000100110001001100000011000100110001001100000011000000110000
----------------------------------------------------
Step 1
000000000000000 0011000100110 00000110001001100010011000000110000001100000011000100110001001100000011000100110001001100000011000000110000
000000101 
----------------------------------------------------
Step 2
000000000000001 1000100110000 00110001001100010011000000110000001100000011000100110001001100000011000100110001001100000011000000110000
111000010 
----------------------------------------------------
Step 3
000000000000110 0010011000000 110001001100010011000000110000001100000011000100110001001100000011000100110001001100000011000000110000
101000110 
----------------------------------------------------
Step 4
000000001100010 0110000001100 01001100010011000000110000001100000011000100110001001100000011000100110001001100000011000000110000
011101100 
----------------------------------------------------
Step 5
011000100110000 0011000100110 0010011000000110000001100000011000100110001001100000011000100110001001100000011000000110000
011101111 
----------------------------------------------------
Step 6
011000000110001 0011000100110 00000110000001100000011000100110001001100000011000100110001001100000011000000110000
011111000 
----------------------------------------------------
Step 7
010011000100110 0000011000000 1100000011000100110001001100000011000100110001001100000011000000110000
111001011 
----------------------------------------------------
Step 8
000100110000001 1000000110000 0011000100110001001100000011000100110001001100000011000000110000
011111000 
----------------------------------------------------
Step 9
011000000110000 0011000100110 001001100000011000100110001001100000011000000110000
011101111 
----------------------------------------------------
Step 10
011000000110001 0011000100110 0000011000100110001001100000011000000110000
011111000 
----------------------------------------------------
Step 11
010011000100110 0000011000100 110001001100000011000000110000
111001011 
----------------------------------------------------
Step 12
000100110000001 1000100110001 001100000011000000110000
011101001 
----------------------------------------------------
Step 13
011000000110001 0011000100110 0000011000000110000
011111000 
----------------------------------------------------
Step 14
010011000100110 0000011000000 110000
111001011 
----------------------------------------------------
Step 15
000100110000001 1000000110000 
011111000 
----------------------------------------------------
011000000110000 ------------- 
----------------------------------------------------
----------------------------------------------------
Decryption
----------------------------------------------------
----------------------------------------------------
Step 1
000000000000000 000000101 111000010 101000110 011101100 011101111 011111000 111001011 011111000 011101111 011111000 111001011 011101001 011111000 111001011 011111000 

----------------------------------------------------
Step 2
000000000000001 111000010 101000110 011101100 011101111 011111000 111001011 011111000 011101111 011111000 111001011 011101001 011111000 111001011 011111000 
001 
----------------------------------------------------
Step 3
000000000000110 101000110 011101100 011101111 011111000 111001011 011111000 011101111 011111000 111001011 011101001 011111000 111001011 011111000 
00110 
----------------------------------------------------
Step 4
000000001100010 011101100 011101111 011111000 111001011 011111000 011101111 011111000 111001011 011101001 011111000 111001011 011111000 
00110001 0 
----------------------------------------------------
Step 5
011000100110000 011101111 011111000 111001011 011111000 011101111 011111000 111001011 011101001 011111000 111001011 011111000 
00110001 00110000 
----------------------------------------------------
Step 6
011000000110001 011111000 111001011 011111000 011101111 011111000 111001011 011101001 011111000 111001011 011111000 
00110001 00110000 00110001 
----------------------------------------------------
Step 7
010011000100110 111001011 011111000 011101111 011111000 111001011 011101001 011111000 111001011 011111000 
00110001 00110000 00110001 00110001 00110 
----------------------------------------------------
Step 8
000100110000001 011111000 011101111 011111000 111001011 011101001 011111000 111001011 011111000 
00110001 00110000 00110001 00110001 00110000 001 
----------------------------------------------------
Step 9
011000000110000 011101111 011111000 111001011 011101001 011111000 111001011 011111000 
00110001 00110000 00110001 00110001 00110000 00110000 00110000 
----------------------------------------------------
Step 10
011000000110001 011111000 111001011 011101001 011111000 111001011 011111000 
00110001 00110000 00110001 00110001 00110000 00110000 00110000 00110001 
----------------------------------------------------
Step 11
010011000100110 111001011 011101001 011111000 111001011 011111000 
00110001 00110000 00110001 00110001 00110000 00110000 00110000 00110001 00110001 00110 
----------------------------------------------------
Step 12
000100110000001 011101001 011111000 111001011 011111000 
00110001 00110000 00110001 00110001 00110000 00110000 00110000 00110001 00110001 00110000 001 
----------------------------------------------------
Step 13
011000000110001 011111000 111001011 011111000 
00110001 00110000 00110001 00110001 00110000 00110000 00110000 00110001 00110001 00110000 00110001 
----------------------------------------------------
Step 14
010011000100110 111001011 011111000 
00110001 00110000 00110001 00110001 00110000 00110000 00110000 00110001 00110001 00110000 00110001 00110001 00110 
----------------------------------------------------
Step 15
000100110000001 011111000 
00110001 00110000 00110001 00110001 00110000 00110000 00110000 00110001 00110001 00110000 00110001 00110001 00110000 001 
----------------------------------------------------
Step Last
00110001 00110000 00110001 00110001 00110000 00110000 00110000 00110001 00110001 00110000 00110001 00110001 00110000 00110000 00110000 
